  7.8106899e+000
  7.8052055e+000
  7.7997463e+000
  7.7943121e+000
  7.7889028e+000
  7.7835185e+000
  7.7781590e+000
  7.7728243e+000
  7.7675143e+000
  7.7622290e+000
  7.7569683e+000
  7.7517320e+000
  7.7465203e+000
  7.7413329e+000
  7.7361699e+000
  7.7310312e+000
  7.7259167e+000
  7.7208263e+000
  7.7157600e+000
  7.7107177e+000
  7.7056994e+000
  7.7007050e+000
  7.6957344e+000
  7.6907876e+000
  7.6858645e+000
  7.6809650e+000
  7.6760892e+000
  7.6712368e+000
  7.6664079e+000
  7.6616024e+000
  7.6568203e+000
  7.6520614e+000
  7.6473258e+000
  7.6426133e+000
  7.6379238e+000
  7.6332574e+000
  7.6286140e+000
  7.6239935e+000
  7.6193958e+000
  7.6148209e+000
  7.6102688e+000
  7.6057392e+000
  7.6012323e+000
  7.5967480e+000
  7.5922861e+000
  7.5878466e+000
  7.5834295e+000
  7.5790346e+000
  7.5746620e+000
  7.5703116e+000
  7.5659833e+000
  7.5616770e+000
  7.5573928e+000
  7.5531304e+000
  7.5488900e+000
  7.5446713e+000
  7.5404744e+000
  7.5362992e+000
  7.5321456e+000
  7.5280136e+000
  7.5239031e+000
  7.5198141e+000
  7.5157464e+000
  7.5117001e+000
  7.5076751e+000
  7.5036712e+000
  7.4996886e+000
  7.4957270e+000
  7.4917864e+000
  7.4878669e+000
  7.4839682e+000
  7.4800904e+000
  7.4762334e+000
  7.4723972e+000
  7.4685816e+000
  7.4647867e+000
  7.4610123e+000
  7.4572584e+000
  7.4535250e+000
  7.4498120e+000
  7.4461192e+000
  7.4424468e+000
  7.4387946e+000
  7.4351625e+000
  7.4315506e+000
  7.4279587e+000
  7.4243867e+000
  7.4208347e+000
  7.4173026e+000
  7.4137903e+000
  7.4102977e+000
  7.4068248e+000
  7.4033715e+000
  7.3999379e+000
  7.3965237e+000
  7.3931291e+000
  7.3897538e+000
  7.3863979e+000
  7.3830612e+000
  7.3797438e+000
  7.3764456e+000
  7.3731666e+000
  7.3699065e+000
  7.3666655e+000
  7.3634435e+000
  7.3602403e+000
  7.3570560e+000
  7.3538905e+000
  7.3507437e+000
  7.3476155e+000
  7.3445060e+000
  7.3414151e+000
  7.3383426e+000
  7.3352886e+000
  7.3322530e+000
  7.3292357e+000
  7.3262367e+000
  7.3232560e+000
  7.3202934e+000
  7.3173489e+000
  7.3144225e+000
  7.3115140e+000
  7.3086236e+000
  7.3057510e+000
  7.3028962e+000
  7.3000593e+000
  7.2972400e+000
  7.2944385e+000
  7.2916545e+000
  7.2888881e+000
  7.2861393e+000
  7.2834079e+000
  7.2806938e+000
  7.2779972e+000
  7.2753178e+000
  7.2726556e+000
  7.2700107e+000
  7.2673828e+000
  7.2647721e+000
  7.2621783e+000
  7.2596016e+000
  7.2570417e+000
  7.2544987e+000
  7.2519725e+000
  7.2494630e+000
  7.2469703e+000
  7.2444942e+000
  7.2420347e+000
  7.2395917e+000
  7.2371652e+000
  7.2347551e+000
  7.2323614e+000
  7.2299841e+000
  7.2276230e+000
  7.2252781e+000
  7.2229494e+000
  7.2206368e+000
  7.2183402e+000
  7.2160597e+000
  7.2137951e+000
  7.2115465e+000
  7.2093137e+000
  7.2070966e+000
  7.2048954e+000
  7.2027098e+000
  7.2005398e+000
  7.1983855e+000
  7.1962467e+000
  7.1941233e+000
  7.1920154e+000
  7.1899229e+000
  7.1878457e+000
  7.1857838e+000
  7.1837372e+000
  7.1817057e+000
  7.1796893e+000
  7.1776880e+000
  7.1757017e+000
  7.1737304e+000
  7.1717740e+000
  7.1698325e+000
  7.1679058e+000
  7.1659938e+000
  7.1640966e+000
  7.1622140e+000
  7.1603461e+000
  7.1584927e+000
  7.1566538e+000
  7.1548294e+000
  7.1530194e+000
  7.1512238e+000
  7.1494425e+000
  7.1476754e+000
  7.1459226e+000
  7.1441839e+000
  7.1424594e+000
  7.1407488e+000
  7.1390523e+000
  7.1373698e+000
  7.1357012e+000
  7.1340464e+000
  7.1324055e+000
  7.1307783e+000
  7.1291649e+000
  7.1275651e+000
  7.1259789e+000
  7.1244063e+000
  7.1228472e+000
  7.1213016e+000
  7.1197694e+000
  7.1182505e+000
  7.1167450e+000
  7.1152528e+000
  7.1137738e+000
  7.1123080e+000
  7.1108553e+000
  7.1094156e+000
  7.1079891e+000
  7.1065755e+000
  7.1051748e+000
  7.1037870e+000
  7.1024121e+000
  7.1010499e+000
  7.0997005e+000
  7.0983638e+000
  7.0970398e+000
  7.0957283e+000
  7.0944294e+000
  7.0931430e+000
  7.0918691e+000
  7.0906075e+000
  7.0893584e+000
  7.0881215e+000
  7.0868969e+000
  7.0856846e+000
  7.0844844e+000
  7.0832963e+000
  7.0821204e+000
  7.0809564e+000
  7.0798045e+000
  7.0786645e+000
  7.0775364e+000
  7.0764201e+000
  7.0753156e+000
  7.0742229e+000
  7.0731419e+000
  7.0720726e+000
  7.0710149e+000
  7.0699687e+000
  7.0689341e+000
  7.0679109e+000
  7.0668992e+000
  7.0658989e+000
  7.0649099e+000
  7.0639322e+000
  7.0629658e+000
  7.0620106e+000
  7.0610665e+000
  7.0601335e+000
  7.0592117e+000
  7.0583008e+000
  7.0574009e+000
  7.0565120e+000
  7.0556339e+000
  7.0547667e+000
  7.0539103e+000
  7.0530646e+000
  7.0522297e+000
  7.0514054e+000
  7.0505917e+000
  7.0497886e+000
  7.0489961e+000
  7.0482140e+000
  7.0474424e+000
  7.0466811e+000
  7.0459303e+000
  7.0451897e+000
  7.0444594e+000
  7.0437393e+000
  7.0430294e+000
  7.0423297e+000
  7.0416400e+000
  7.0409604e+000
  7.0402908e+000
  7.0396311e+000
  7.0389814e+000
  7.0383416e+000
  7.0377115e+000
  7.0370913e+000
  7.0364808e+000
  7.0358800e+000
  7.0352889e+000
  7.0347074e+000
  7.0341355e+000
  7.0335731e+000
  7.0330202e+000
  7.0324767e+000
  7.0319427e+000
  7.0314180e+000
  7.0309026e+000
  7.0303965e+000
  7.0298996e+000
  7.0294119e+000
  7.0289334e+000
  7.0284640e+000
  7.0280036e+000
  7.0275523e+000
  7.0271100e+000
  7.0266766e+000
  7.0262521e+000
  7.0258365e+000
  7.0254296e+000
  7.0250316e+000
  7.0246423e+000
  7.0242617e+000
  7.0238897e+000
  7.0235263e+000
  7.0231716e+000
  7.0228253e+000
  7.0224875e+000
  7.0221582e+000
  7.0218373e+000
  7.0215248e+000
  7.0212205e+000
  7.0209246e+000
  7.0206369e+000
  7.0203574e+000
  7.0200861e+000
  7.0198229e+000
  7.0195678e+000
  7.0193207e+000
  7.0190817e+000
  7.0188506e+000
  7.0186274e+000
  7.0184121e+000
  7.0182046e+000
  7.0180050e+000
  7.0178131e+000
  7.0176290e+000
  7.0174525e+000
  7.0172837e+000
  7.0171225e+000
  7.0169688e+000
  7.0168227e+000
  7.0166841e+000
  7.0165529e+000
  7.0164291e+000
  7.0163128e+000
  7.0162037e+000
  7.0161019e+000
  7.0160074e+000
  7.0159202e+000
  7.0158401e+000
  7.0157671e+000
  7.0157013e+000
  7.0156425e+000
  7.0155907e+000
  7.0155460e+000
  7.0155082e+000
  7.0154773e+000
  7.0154532e+000
  7.0154360e+000
  7.0154257e+000
  7.0154220e+000
  7.0154251e+000
  7.0154349e+000
  7.0154514e+000
  7.0154744e+000
  7.0155041e+000
  7.0155402e+000
  7.0155829e+000
  7.0156320e+000
  7.0156876e+000
  7.0157495e+000
  7.0158178e+000
  7.0158925e+000
  7.0159734e+000
  7.0160605e+000
  7.0161539e+000
  7.0162534e+000
  7.0163590e+000
  7.0164708e+000
  7.0165886e+000
  7.0167124e+000
  7.0168423e+000
  7.0169780e+000
  7.0171197e+000
  7.0172673e+000
  7.0174207e+000
  7.0175800e+000
  7.0177450e+000
  7.0179157e+000
  7.0180922e+000
  7.0182743e+000
  7.0184621e+000
  7.0186554e+000
  7.0188543e+000
  7.0190587e+000
  7.0192687e+000
  7.0194841e+000
  7.0197049e+000
  7.0199310e+000
  7.0201626e+000
  7.0203994e+000
  7.0206416e+000
  7.0208890e+000
  7.0211416e+000
  7.0213994e+000
  7.0216623e+000
  7.0219303e+000
  7.0222034e+000
  7.0224816e+000
  7.0227647e+000
  7.0230529e+000
  7.0233459e+000
  7.0236439e+000
  7.0239468e+000
  7.0242544e+000
  7.0245669e+000
  7.0248842e+000
  7.0252062e+000
  7.0255329e+000
  7.0258643e+000
  7.0262003e+000
  7.0265409e+000
  7.0268861e+000
  7.0272358e+000
  7.0275901e+000
  7.0279488e+000
  7.0283119e+000
  7.0286795e+000
  7.0290514e+000
  7.0294277e+000
  7.0298083e+000
  7.0301931e+000
  7.0305822e+000
  7.0309755e+000
  7.0313730e+000
  7.0317747e+000
  7.0321804e+000
  7.0325903e+000
  7.0330041e+000
  7.0334221e+000
  7.0338440e+000
  7.0342698e+000
  7.0346996e+000
  7.0351333e+000
  7.0355708e+000
  7.0360121e+000
  7.0364573e+000
  7.0369062e+000
  7.0373589e+000
  7.0378153e+000
  7.0382753e+000
  7.0387390e+000
  7.0392063e+000
  7.0396772e+000
  7.0401516e+000
  7.0406295e+000
  7.0411110e+000
  7.0415959e+000
  7.0420842e+000
  7.0425759e+000
  7.0430710e+000
  7.0435694e+000
  7.0440712e+000
  7.0445762e+000
  7.0450844e+000
  7.0455959e+000
  7.0461105e+000
  7.0466284e+000
  7.0471493e+000
  7.0476733e+000
  7.0482004e+000
  7.0487306e+000
  7.0492637e+000
  7.0497999e+000
  7.0503389e+000
  7.0508809e+000
  7.0514258e+000
  7.0519736e+000
  7.0525242e+000
  7.0530776e+000
  7.0536338e+000
  7.0541927e+000
  7.0547543e+000
  7.0553186e+000
  7.0558856e+000
  7.0564552e+000
  7.0570275e+000
  7.0576022e+000
  7.0581796e+000
  7.0587595e+000
  7.0593418e+000
  7.0599266e+000
  7.0605139e+000
  7.0611035e+000
  7.0616956e+000
  7.0622900e+000
  7.0628867e+000
  7.0634857e+000
  7.0640870e+000
  7.0646905e+000
  7.0652962e+000
  7.0659041e+000
  7.0665142e+000
  7.0671264e+000
  7.0677407e+000
  7.0683571e+000
  7.0689755e+000
  7.0695960e+000
  7.0702185e+000
  7.0708429e+000
  7.0714693e+000
  7.0720975e+000
  7.0727277e+000
  7.0733598e+000
  7.0739936e+000
  7.0746293e+000
  7.0752668e+000
  7.0759060e+000
  7.0765470e+000
  7.0771897e+000
  7.0778340e+000
  7.0784800e+000
  7.0791277e+000
  7.0797769e+000
  7.0804277e+000
  7.0810801e+000
  7.0817340e+000
  7.0823894e+000
  7.0830463e+000
  7.0837046e+000
  7.0843643e+000
  7.0850255e+000
  7.0856880e+000
  7.0863518e+000
  7.0870170e+000
  7.0876835e+000
  7.0883513e+000
  7.0890203e+000
  7.0896906e+000
  7.0903620e+000
  7.0910346e+000
  7.0917084e+000
  7.0923833e+000
  7.0930593e+000
  7.0937364e+000
  7.0944145e+000
  7.0950937e+000
  7.0957739e+000
  7.0964550e+000
  7.0971371e+000
  7.0978202e+000
  7.0985042e+000
  7.0991890e+000
  7.0998747e+000
  7.1005613e+000
  7.1012487e+000
  7.1019368e+000
  7.1026258e+000
  7.1033155e+000
  7.1040059e+000
  7.1046970e+000
  7.1053888e+000
  7.1060813e+000
  7.1067743e+000
  7.1074680e+000
  7.1081623e+000
  7.1088572e+000
  7.1095526e+000
  7.1102485e+000
  7.1109449e+000
  7.1116418e+000
  7.1123391e+000
  7.1130369e+000
  7.1137351e+000
  7.1144336e+000
  7.1151326e+000
  7.1158318e+000
  7.1165314e+000
  7.1172313e+000
  7.1179315e+000
  7.1186319e+000
  7.1193326e+000
  7.1200335e+000
  7.1207346e+000
  7.1214358e+000
  7.1221372e+000
  7.1228387e+000
  7.1235404e+000
  7.1242421e+000
  7.1249439e+000
  7.1256457e+000
  7.1263475e+000
  7.1270494e+000
  7.1277512e+000
  7.1284530e+000
  7.1291548e+000
  7.1298564e+000
  7.1305580e+000
  7.1312594e+000
  7.1319607e+000
  7.1326619e+000
  7.1333628e+000
  7.1340636e+000
  7.1347642e+000
  7.1354645e+000
  7.1361645e+000
  7.1368643e+000
  7.1375637e+000
  7.1382629e+000
  7.1389617e+000
  7.1396602e+000
  7.1403582e+000
  7.1410559e+000
  7.1417532e+000
  7.1424500e+000
  7.1431464e+000
  7.1438423e+000
  7.1445378e+000
  7.1452327e+000
  7.1459271e+000
  7.1466209e+000
  7.1473142e+000
  7.1480069e+000
  7.1486990e+000
  7.1493904e+000
  7.1500813e+000
  7.1507714e+000
  7.1514609e+000
  7.1521497e+000
  7.1528378e+000
  7.1535252e+000
  7.1542118e+000
  7.1548977e+000
  7.1555827e+000
  7.1562670e+000
  7.1569505e+000
  7.1576331e+000
  7.1583148e+000
  7.1589957e+000
  7.1596758e+000
  7.1603549e+000
  7.1610330e+000
  7.1617103e+000
  7.1623866e+000
  7.1630619e+000
  7.1637362e+000
  7.1644095e+000
  7.1650818e+000
  7.1657531e+000
  7.1664233e+000
  7.1670924e+000
  7.1677605e+000
  7.1684274e+000
  7.1690932e+000
  7.1697579e+000
  7.1704214e+000
  7.1710838e+000
  7.1717450e+000
  7.1724049e+000
  7.1730637e+000
  7.1737212e+000
  7.1743775e+000
  7.1750325e+000
  7.1756862e+000
  7.1763387e+000
  7.1769898e+000
  7.1776396e+000
  7.1782880e+000
  7.1789351e+000
  7.1795809e+000
  7.1802252e+000
  7.1808682e+000
  7.1815097e+000
  7.1821498e+000
  7.1827884e+000
  7.1834256e+000
  7.1840613e+000
  7.1846956e+000
  7.1853283e+000
  7.1859595e+000
  7.1865892e+000
  7.1872173e+000
  7.1878439e+000
  7.1884689e+000
  7.1890923e+000
  7.1897141e+000
  7.1903343e+000
  7.1909528e+000
  7.1915697e+000
  7.1921850e+000
  7.1927986e+000
  7.1934105e+000
  7.1940207e+000
  7.1946292e+000
  7.1952359e+000
  7.1958410e+000
  7.1964442e+000
  7.1970458e+000
  7.1976455e+000
  7.1982435e+000
  7.1988396e+000
  7.1994339e+000
  7.2000264e+000
  7.2006171e+000
  7.2012059e+000
  7.2017929e+000
  7.2023779e+000
  7.2029611e+000
  7.2035424e+000
  7.2041218e+000
  7.2046992e+000
  7.2052747e+000
  7.2058483e+000
  7.2064199e+000
  7.2069895e+000
  7.2075571e+000
  7.2081227e+000
  7.2086864e+000
  7.2092480e+000
  7.2098075e+000
  7.2103651e+000
  7.2109205e+000
  7.2114739e+000
  7.2120253e+000
  7.2125745e+000
  7.2131217e+000
  7.2136667e+000
  7.2142096e+000
  7.2147504e+000
  7.2152891e+000
  7.2158255e+000
  7.2163599e+000
  7.2168920e+000
  7.2174220e+000
  7.2179498e+000
  7.2184753e+000
  7.2189987e+000
  7.2195198e+000
  7.2200387e+000
  7.2205554e+000
  7.2210698e+000
  7.2215819e+000
  7.2220918e+000
  7.2225994e+000
  7.2231047e+000
  7.2236076e+000
  7.2241083e+000
  7.2246066e+000
  7.2251027e+000
  7.2255963e+000
  7.2260877e+000
  7.2265766e+000
  7.2270632e+000
  7.2275475e+000
  7.2280293e+000
  7.2285087e+000
  7.2289858e+000
  7.2294604e+000
  7.2299326e+000
  7.2304024e+000
  7.2308697e+000
  7.2313346e+000
  7.2317971e+000
  7.2322571e+000
  7.2327146e+000
  7.2331696e+000
  7.2336222e+000
  7.2340722e+000
  7.2345198e+000
  7.2349648e+000
  7.2354074e+000
  7.2358474e+000
  7.2362848e+000
  7.2367198e+000
  7.2371521e+000
  7.2375820e+000
  7.2380092e+000
  7.2384339e+000
  7.2388561e+000
  7.2392756e+000
  7.2396925e+000
  7.2401069e+000
  7.2405186e+000
  7.2409278e+000
  7.2413343e+000
  7.2417382e+000
  7.2421394e+000
  7.2425381e+000
  7.2429341e+000
  7.2433274e+000
  7.2437181e+000
  7.2441061e+000
  7.2444914e+000
  7.2448741e+000
  7.2452541e+000
  7.2456314e+000
  7.2460060e+000
  7.2463780e+000
  7.2467472e+000
  7.2471137e+000
  7.2474775e+000
  7.2478386e+000
  7.2481969e+000
  7.2485525e+000
  7.2489054e+000
  7.2492556e+000
  7.2496030e+000
  7.2499476e+000
  7.2502895e+000
  7.2506286e+000
  7.2509650e+000
  7.2512986e+000
  7.2516294e+000
  7.2519575e+000
  7.2522827e+000
  7.2526052e+000
  7.2529249e+000
  7.2532417e+000
  7.2535558e+000
  7.2538671e+000
  7.2541756e+000
  7.2544812e+000
  7.2547841e+000
  7.2550841e+000
  7.2553813e+000
  7.2556756e+000
  7.2559672e+000
  7.2562559e+000
  7.2565417e+000
  7.2568248e+000
  7.2571049e+000
  7.2573823e+000
  7.2576567e+000
  7.2579284e+000
  7.2581971e+000
  7.2584630e+000
  7.2587261e+000
  7.2589862e+000
  7.2592435e+000
  7.2594980e+000
  7.2597495e+000
  7.2599982e+000
  7.2602440e+000
  7.2604869e+000
  7.2607269e+000
  7.2609641e+000
  7.2611983e+000
  7.2614297e+000
  7.2616582e+000
  7.2618838e+000
  7.2621065e+000
  7.2623262e+000
  7.2625431e+000
  7.2627571e+000
  7.2629682e+000
  7.2631764e+000
  7.2633817e+000
  7.2635840e+000
  7.2637835e+000
  7.2639800e+000
  7.2641737e+000
  7.2643644e+000
  7.2645522e+000
  7.2647371e+000
  7.2649191e+000
  7.2650982e+000
  7.2652743e+000
  7.2654476e+000
  7.2656179e+000
  7.2657853e+000
  7.2659498e+000
  7.2661113e+000
  7.2662700e+000
  7.2664257e+000
  7.2665785e+000
  7.2667284e+000
  7.2668754e+000
  7.2670194e+000
  7.2671606e+000
  7.2672988e+000
  7.2674341e+000
  7.2675665e+000
  7.2676959e+000
  7.2678225e+000
  7.2679461e+000
  7.2680669e+000
  7.2681847e+000
  7.2682996e+000
  7.2684115e+000
  7.2685206e+000
  7.2686268e+000
  7.2687300e+000
  7.2688304e+000
  7.2689278e+000
  7.2690223e+000
  7.2691139e+000
  7.2692027e+000
  7.2692885e+000
  7.2693714e+000
  7.2694514e+000
  7.2695286e+000
  7.2696028e+000
  7.2696741e+000
  7.2697426e+000
  7.2698082e+000
  7.2698708e+000
  7.2699306e+000
  7.2699876e+000
  7.2700416e+000
  7.2700928e+000
  7.2701411e+000
  7.2701865e+000
  7.2702290e+000
  7.2702687e+000
  7.2703055e+000
  7.2703395e+000
  7.2703706e+000
  7.2703988e+000
  7.2704242e+000
  7.2704468e+000
  7.2704665e+000
  7.2704834e+000
  7.2704974e+000
  7.2705086e+000
  7.2705170e+000
  7.2705225e+000
  7.2705252e+000
  7.2705251e+000
  7.2705222e+000
  7.2705165e+000
  7.2705079e+000
  7.2704966e+000
  7.2704824e+000
  7.2704655e+000
  7.2704458e+000
  7.2704233e+000
  7.2703980e+000
  7.2703699e+000
  7.2703390e+000
  7.2703054e+000
  7.2702690e+000
  7.2702299e+000
  7.2701880e+000
  7.2701434e+000
  7.2700960e+000
  7.2700459e+000
  7.2699930e+000
  7.2699374e+000
  7.2698791e+000
  7.2698181e+000
  7.2697543e+000
  7.2696879e+000
  7.2696187e+000
  7.2695469e+000
  7.2694724e+000
  7.2693951e+000
  7.2693152e+000
  7.2692327e+000
  7.2691474e+000
  7.2690595e+000
  7.2689690e+000
  7.2688758e+000
  7.2687800e+000
  7.2686815e+000
  7.2685804e+000
  7.2684767e+000
  7.2683703e+000
  7.2682614e+000
  7.2681498e+000
  7.2680357e+000
  7.2679190e+000
  7.2677996e+000
  7.2676778e+000
  7.2675533e+000
  7.2674263e+000
  7.2672967e+000
  7.2671646e+000
  7.2670300e+000
  7.2668928e+000
  7.2667531e+000
  7.2666109e+000
  7.2664662e+000
  7.2663189e+000
  7.2661692e+000
  7.2660170e+000
  7.2658623e+000
  7.2657052e+000
  7.2655456e+000
  7.2653836e+000
  7.2652191e+000
  7.2650521e+000
  7.2648828e+000
  7.2647110e+000
  7.2645368e+000
  7.2643603e+000
  7.2641813e+000
  7.2639999e+000
  7.2638162e+000
  7.2636301e+000
  7.2634417e+000
  7.2632509e+000
  7.2630577e+000
  7.2628623e+000
  7.2626645e+000
  7.2624644e+000
  7.2622620e+000
  7.2620573e+000
  7.2618504e+000
  7.2616411e+000
  7.2614296e+000
  7.2612159e+000
  7.2609999e+000
  7.2607817e+000
  7.2605613e+000
  7.2603386e+000
  7.2601138e+000
  7.2598867e+000
  7.2596575e+000
  7.2594261e+000
  7.2591925e+000
  7.2589568e+000
  7.2587190e+000
  7.2584790e+000
  7.2582369e+000
  7.2579928e+000
  7.2577465e+000
  7.2574981e+000
  7.2572476e+000
  7.2569951e+000
  7.2567406e+000
  7.2564840e+000
  7.2562254e+000
  7.2559647e+000
  7.2557021e+000
  7.2554374e+000
  7.2551708e+000
  7.2549022e+000
  7.2546317e+000
  7.2543592e+000
  7.2540847e+000
  7.2538084e+000
  7.2535301e+000
  7.2532499e+000
  7.2529679e+000
  7.2526840e+000
  7.2523982e+000
  7.2521106e+000
  7.2518211e+000
  7.2515298e+000
  7.2512367e+000
  7.2509418e+000
  7.2506451e+000
  7.2503466e+000
  7.2500464e+000
  7.2497445e+000
  7.2494408e+000
  7.2491353e+000
  7.2488282e+000
  7.2485194e+000
  7.2482089e+000
  7.2478967e+000
  7.2475829e+000
  7.2472675e+000
  7.2469504e+000
  7.2466317e+000
  7.2463114e+000
  7.2459895e+000
  7.2456660e+000
  7.2453410e+000
  7.2450145e+000
  7.2446864e+000
  7.2443568e+000
  7.2440257e+000
  7.2436932e+000
  7.2433591e+000
  7.2430236e+000
  7.2426867e+000
  7.2423483e+000
  7.2420086e+000
  7.2416674e+000
  7.2413248e+000
  7.2409809e+000
  7.2406356e+000
  7.2402890e+000
  7.2399411e+000
  7.2395919e+000
  7.2392414e+000
  7.2388896e+000
  7.2385365e+000
  7.2381822e+000
  7.2378267e+000
  7.2374699e+000
  7.2371120e+000
  7.2367529e+000
  7.2363926e+000
  7.2360312e+000
  7.2356686e+000
  7.2353049e+000
  7.2349401e+000
  7.2345743e+000
  7.2342073e+000
  7.2338394e+000
  7.2334703e+000
  7.2331003e+000
  7.2327293e+000
  7.2323573e+000
  7.2319843e+000
  7.2316103e+000
  7.2312355e+000
  7.2308597e+000
  7.2304830e+000
  7.2301054e+000
  7.2297270e+000
  7.2293477e+000
  7.2289676e+000
  7.2285867e+000
  7.2282050e+000
  7.2278225e+000
  7.2274392e+000
  7.2270553e+000
  7.2266705e+000
  7.2262851e+000
  7.2258990e+000
  7.2255122e+000
  7.2251248e+000
  7.2247367e+000
  7.2243481e+000
  7.2239588e+000
  7.2235689e+000
  7.2231785e+000
  7.2227876e+000
  7.2223961e+000
  7.2220041e+000
  7.2216117e+000
  7.2212187e+000
  7.2208254e+000
  7.2204316e+000
  7.2200374e+000
  7.2196428e+000
  7.2192478e+000
  7.2188525e+000
  7.2184568e+000
  7.2180608e+000
  7.2176646e+000
  7.2172681e+000
  7.2168713e+000
  7.2164743e+000
  7.2160770e+000
  7.2156796e+000
  7.2152820e+000
  7.2148843e+000
  7.2144864e+000
  7.2140884e+000
  7.2136903e+000
  7.2132921e+000
  7.2128939e+000
  7.2124957e+000
  7.2120974e+000
  7.2116992e+000
  7.2113010e+000
  7.2109028e+000
  7.2105047e+000
  7.2101067e+000
  7.2097088e+000
  7.2093111e+000
  7.2089135e+000
  7.2085161e+000
  7.2081188e+000
  7.2077218e+000
  7.2073251e+000
  7.2069286e+000
  7.2065324e+000
  7.2061365e+000
  7.2057409e+000
  7.2053457e+000
  7.2049508e+000
  7.2045564e+000
  7.2041623e+000
  7.2037687e+000
  7.2033756e+000
  7.2029829e+000
  7.2025908e+000
  7.2021991e+000
  7.2018080e+000
  7.2014175e+000
  7.2010276e+000
  7.2006383e+000
  7.2002497e+000
  7.1998617e+000
  7.1994744e+000
  7.1990878e+000
  7.1987019e+000
  7.1983168e+000
  7.1979325e+000
  7.1975489e+000
  7.1971662e+000
  7.1967844e+000
  7.1964034e+000
  7.1960233e+000
  7.1956441e+000
  7.1952659e+000
  7.1948886e+000
  7.1945124e+000
  7.1941371e+000
  7.1937629e+000
  7.1933897e+000
  7.1930177e+000
  7.1926467e+000
  7.1922769e+000
  7.1919082e+000
  7.1915408e+000
  7.1911745e+000
  7.1908094e+000
  7.1904457e+000
  7.1900832e+000
  7.1897220e+000
  7.1893621e+000
  7.1890036e+000
  7.1886465e+000
  7.1882908e+000
  7.1879365e+000
  7.1875837e+000
  7.1872324e+000
  7.1868825e+000
  7.1865342e+000
  7.1861875e+000
  7.1858423e+000
  7.1854988e+000
  7.1851569e+000
  7.1848167e+000
  7.1844781e+000
  7.1841413e+000
  7.1838062e+000
  7.1834728e+000
  7.1831413e+000
  7.1828116e+000
  7.1824837e+000
  7.1821577e+000
  7.1818336e+000
  7.1815114e+000
  7.1811912e+000
  7.1808729e+000
  7.1805567e+000
  7.1802425e+000
  7.1799303e+000
  7.1796203e+000
  7.1793123e+000
  7.1790065e+000
  7.1787028e+000
  7.1784014e+000
  7.1781021e+000
  7.1778052e+000
  7.1775105e+000
  7.1772181e+000
  7.1769280e+000
  7.1766403e+000
  7.1763549e+000
  7.1760720e+000
  7.1757916e+000
  7.1755136e+000
  7.1752381e+000
  7.1749651e+000
  7.1746947e+000
  7.1744269e+000
  7.1741617e+000
  7.1738991e+000
  7.1736392e+000
  7.1733820e+000
  7.1731275e+000
  7.1728758e+000
  7.1726268e+000
  7.1723807e+000
  7.1721374e+000
  7.1718970e+000
  7.1716595e+000
  7.1714249e+000
  7.1711933e+000
  7.1709647e+000
  7.1707391e+000
  7.1705165e+000
  7.1702970e+000
  7.1700806e+000
  7.1698674e+000
  7.1696573e+000
  7.1694504e+000
  7.1692467e+000
  7.1690463e+000
  7.1688492e+000
  7.1686554e+000
  7.1684649e+000
  7.1682778e+000
  7.1680942e+000
  7.1679139e+000
  7.1677372e+000
  7.1675639e+000
  7.1673941e+000
  7.1672280e+000
  7.1670654e+000
  7.1669064e+000
  7.1667511e+000
  7.1665994e+000
  7.1664515e+000
  7.1663073e+000
  7.1661669e+000
  7.1660304e+000
  7.1658976e+000
  7.1657687e+000
  7.1656437e+000
  7.1655227e+000
  7.1654056e+000
  7.1652925e+000
  7.1651835e+000
  7.1650785e+000
  7.1649776e+000
  7.1648808e+000
  7.1647882e+000
  7.1646998e+000
  7.1646156e+000
  7.1645356e+000
  7.1644600e+000
  7.1643886e+000
  7.1643216e+000
  7.1642590e+000
  7.1642008e+000
  7.1641471e+000
  7.1640978e+000
  7.1640531e+000
  7.1640129e+000
  7.1639773e+000
  7.1639463e+000
  7.1639199e+000
  7.1638983e+000
  7.1638813e+000
  7.1638691e+000
  7.1638617e+000
  7.1638591e+000
  7.1638613e+000
  7.1638684e+000
  7.1638805e+000
  7.1638975e+000
  7.1639194e+000
  7.1639464e+000
  7.1639785e+000
  7.1640156e+000
  7.1640578e+000
  7.1641052e+000
  7.1641578e+000
  7.1642157e+000
  7.1642787e+000
  7.1643471e+000
  7.1644208e+000
  7.1644999e+000
  7.1645843e+000
  7.1646742e+000
  7.1647695e+000
  7.1648704e+000
  7.1649768e+000
  7.1650888e+000
  7.1652063e+000
  7.1653295e+000
  7.1654584e+000
  7.1655930e+000
  7.1657334e+000
  7.1658795e+000
  7.1660315e+000
  7.1661893e+000
  7.1663530e+000
  7.1665227e+000
  7.1666983e+000
  7.1668799e+000
  7.1670675e+000
  7.1672612e+000
  7.1674610e+000
  7.1676670e+000
  7.1678792e+000
  7.1680975e+000
  7.1683221e+000
  7.1685531e+000
  7.1687903e+000
  7.1690339e+000
  7.1692839e+000
  7.1695403e+000
  7.1698033e+000
  7.1700727e+000
  7.1703487e+000
  7.1706312e+000
  7.1709204e+000
  7.1712163e+000
  7.1715188e+000
  7.1718281e+000
  7.1721442e+000
  7.1724671e+000
  7.1727968e+000
  7.1731334e+000
  7.1734770e+000
  7.1738275e+000
  7.1741850e+000
  7.1745495e+000
  7.1749211e+000
  7.1752999e+000
  7.1756858e+000
  7.1760789e+000
  7.1764792e+000
  7.1768868e+000
  7.1773017e+000
  7.1777239e+000
  7.1781535e+000
  7.1785906e+000
  7.1790351e+000
  7.1794871e+000
  7.1799467e+000
  7.1804138e+000
  7.1808886e+000
  7.1813710e+000
  7.1818611e+000
  7.1823590e+000
  7.1828646e+000
  7.1833780e+000
  7.1838993e+000
  7.1844286e+000
  7.1849657e+000
  7.1855108e+000
  7.1860639e+000
  7.1866251e+000
  7.1871944e+000
  7.1877718e+000
  7.1883574e+000
  7.1889512e+000
  7.1895533e+000
  7.1901637e+000
  7.1907824e+000
  7.1914095e+000
  7.1920450e+000
  7.1926889e+000
  7.1933414e+000
  7.1940024e+000
  7.1946720e+000
  7.1953502e+000
  7.1960371e+000
  7.1967327e+000
  7.1974370e+000
  7.1981501e+000
  7.1988721e+000
  7.1996029e+000
  7.2003426e+000
  7.2010913e+000
  7.2018490e+000
  7.2026157e+000
  7.2033915e+000
  7.2041764e+000
  7.2049705e+000
  7.2057738e+000
  7.2065863e+000
  7.2074082e+000
  7.2082393e+000
  7.2090799e+000
  7.2099298e+000
  7.2107892e+000
  7.2116582e+000
  7.2125366e+000
  7.2134247e+000
  7.2143223e+000
  7.2152297e+000
  7.2161468e+000
  7.2170736e+000
  7.2180102e+000
  7.2189567e+000
  7.2199131e+000
  7.2208794e+000
  7.2218556e+000
  7.2228419e+000
  7.2238383e+000
  7.2248447e+000
  7.2258613e+000
  7.2268881e+000
  7.2279252e+000
  7.2289725e+000
  7.2300301e+000
  7.2310981e+000
  7.2321766e+000
  7.2332654e+000
  7.2343648e+000
  7.2354747e+000
  7.2365953e+000
  7.2377264e+000
  7.2388682e+000
  7.2400208e+000
  7.2411841e+000
  7.2423583e+000
  7.2435432e+000
  7.2447391e+000
  7.2459460e+000
  7.2471638e+000
  7.2483927e+000
  7.2496327e+000
  7.2508837e+000
  7.2521460e+000
