dx
0 0 0 0 0 0 0 0 0 0 0 0 0 0 0 0 0 0 0 0
0 0 0 0 0 0 0 0 0 0 0 0 0 0 0 0 0 0 0 0
0 0 0 0 0 0 0 0 0 0 0 0 0 0 0 0 0 0 0 0
0 0 0 0 0 0 0 0 0 0 0 0 0 0 0 0 0 0 0 0
0 0 0 0 0 0 0 0 0 0 0 0 0 0 0 0 0 0 0 0
0 0 0 0 0 0 0 0 0 0 0 0 0 0 0 0 0 0 0 0
0 0 0 0 0 0 0 0 0 0 0 0 0 0 0 0 0 0 0 0
0 0 0 0 0 0 0 0 0 0 0 0 0 0 0 0 0 0 0 0
0 0 0 0 0 0 0 0 0 0 0 0 0 0 0 0 0 0 0 0
0 0 0 0 0 0 0 0 0 0 0 0 0 0 0 0 0 0 0 0
0 0 0 0 0 0 0 0 0 0 0 0 0 0 0 0 0 0 0 0
0 0 0 0 0 0 0 0 0 0 0 0 0 0 0 0 0 0 0 0
0 0 0 0 0 0 0 0 0 0 0 0 0 0 0 0 0 0 0 0
0 0 0 0 0 0 0 0 0 0 0 0 0 0 0 0 0 0 0 0
0 0 0 0 0 0 0 0 0 0 0 0 0 0 0 0 0 0 0 0
0 0 0 0 0 0 0 0 0 0 0 0 0 0 0 0 0 0 0 0
0 0 0 0 0 0 0 0 0 0 0 0 0 0 0 0 0 0 0 0
0 0 0 0 0 0 0 0 0 0 0 0 0 0 0 0 0 0 0 0
0 0 0 0 0 0 0 0 0 0 0 0 0 0 0 0 0 182.39266 0 0
0 0 0 640.00688 469.49721 355.98118 286.96112 245.74662 229.28898 208.38308 185.09428 154.31655 120.79124 91.478337 52.480415 0 0 130.44182 0 0
0 0 0 470.62694 416.89555 363.60959 308.18953 236.24736 176.2765 139.32328 118.20478 101.34477 74.721636 49.613734 36.077186 0 92.237997 93.068362 0 0
0 0 0 479.2504 437.96564 384.60186 306.55947 248.336 203.73946 153.32095 117.3928 91.594277 70.724463 47.186631 29.462875 0 48.605787 57.886454 0 0
0 0 0 427.16999 378.29662 333.72211 275.07162 225.63856 184.69004 146.97696 108.64226 80.078065 62.182159 47.753436 35.2676 32.647235 39.353834 47.156153 0 0
0 0 0 433.55427 335.60882 248.88177 201.75658 169.85242 137.33407 107.67951 80.533558 58.241589 46.483401 40.064818 38.935023 43.264798 44.760814 55.217281 0 0
0 0 0 390.97986 310.52751 259.10243 215.74506 169.57208 128.04975 112.836 87.390517 64.255152 56.010261 47.168293 42.122232 48.525738 60.812542 61.273712 0 0
0 0 0 281.56346 242.61707 211.08202 180.87698 151.45109 137.55564 121.93894 103.79252 79.01069 63.957064 58.107554 41.943401 43.890551 59.366828 64.561586 0 0
0 0 0 317.18097 249.90315 201.03708 183.4116 177.54378 158.61503 129.86819 97.682508 78.55405 68.097391 53.969581 43.583004 46.62743 56.409208 57.71521 0 0
0 0 0 400.98231 325.73789 240.68311 183.50631 154.20128 131.67088 112.00535 100.4721 84.21248 63.831287 51.07914 0 0 85.569395 80.350277 0 0
0 0 0 459.89798 338.7543 250.31038 193.17559 159.98706 142.10882 128.82115 105.18611 81.632651 62.96949 38.046081 0 0 0 0 0 0
0 0 0 504.54814 401.51015 321.09195 238.63683 189.67945 161.17783 112.9444 71.987072 64.19783 62.77877 0 0 0 0 0 0 0
0 0 0 564.81076 428.18421 324.91053 237.70659 148.95593 71.721751 0 0 0 0 0 0 0 0 0 0 0
0 0 0 0 0 0 0 0 0 0 0 0 0 0 0 0 0 0 0 0
0 0 0 0 0 0 0 0 0 0 0 0 0 0 0 0 0 0 0 0
dy
0 0 0 0 0 0 0 0 0 0 0 0 0 0 0 0 0 0 0 0
0 0 0 0 0 0 0 0 0 0 0 0 0 0 0 0 0 0 0 0
0 0 0 0 0 0 0 0 0 0 0 0 0 0 0 0 0 0 0 0
0 0 0 0 0 0 0 0 0 0 0 0 0 0 0 0 0 0 0 0
0 0 0 0 0 0 0 0 0 0 0 0 0 0 0 0 0 0 0 0
0 0 0 0 0 0 0 0 0 0 0 0 0 0 0 0 0 0 0 0
0 0 0 0 0 0 0 0 0 0 0 0 0 0 0 0 0 0 0 0
0 0 0 0 0 0 0 0 0 0 0 0 0 0 0 0 0 0 0 0
0 0 0 0 0 0 0 0 0 0 0 0 0 0 0 0 0 0 0 0
0 0 0 0 0 0 0 0 0 0 0 0 0 0 0 0 0 0 0 0
0 0 0 0 0 0 0 0 0 0 0 0 0 0 0 0 0 0 0 0
0 0 0 0 0 0 0 0 0 0 0 0 0 0 0 0 0 0 0 0
0 0 0 0 0 0 0 0 0 0 0 0 0 0 0 0 0 0 0 0
0 0 0 0 0 0 0 0 0 0 0 0 0 0 0 0 0 0 0 0
0 0 0 0 0 0 0 0 0 0 0 0 0 0 0 0 0 0 0 0
0 0 0 0 0 0 0 0 0 0 0 0 0 0 0 0 0 0 0 0
0 0 0 0 0 0 0 0 0 0 0 0 0 0 0 0 0 0 0 0
0 0 0 0 0 0 0 0 0 0 0 0 0 0 0 0 0 0 0 0
0 0 0 0 0 0 0 0 0 0 0 0 0 0 0 0 0 65.560355 0 0
0 0 0 456.35742 351.37755 314.06616 269.34024 236.62343 201.1261 208.63361 171.62166 162.40625 127.18473 145.58564 69.715046 0 0 95.332198 0 0
0 0 0 426.00893 343.69034 312.14106 267.52135 227.36396 185.53988 197.98654 168.05458 152.4638 122.67673 130.75067 80.038863 0 76.713599 121.76662 0 0
0 0 0 427.07783 364.18938 313.91135 262.01034 220.01426 170.99385 175.02612 163.4827 147.81915 121.5757 122.22415 93.873548 0 81.314737 123.52143 0 0
0 0 0 456.02069 369.5881 323.23017 263.22954 211.36699 173.79783 154.42763 150.59614 149.48736 121.11019 116.66803 97.885403 76.265287 90.11726 126.87871 0 0
0 0 0 481.75177 380.87972 339.31615 267.14494 200.48977 177.57916 148.20488 140.5472 151.82023 119.85622 116.89618 95.381254 79.168016 99.99452 128.6231 0 0
0 0 0 488.53836 417.92359 326.06393 273.22197 206.04978 173.14982 149.5311 143.99483 150.92695 116.32966 121.64726 91.615663 88.887756 108.56135 129.8577 0 0
0 0 0 479.51818 445.7045 312.65855 290.42631 204.97081 171.17948 153.37118 158.17329 148.68696 114.63218 120.84253 90.119544 100.02805 117.18022 132.16361 0 0
0 0 0 454.39617 446.54949 317.08253 295.88599 200.25039 171.45507 167.52374 166.79287 145.64958 115.63391 117.69082 91.563275 113.81621 121.85914 130.96583 0 0
0 0 0 456.91479 413.3998 343.0535 267.81817 209.76809 183.6369 177.75478 174.75065 137.57063 118.15326 113.37781 0 0 101.15322 134.78162 0 0
0 0 0 446.55922 408.15029 361.78717 254.54559 216.97352 195.04628 172.15772 184.75582 138.78541 114.83646 106.77462 0 0 0 0 0 0
0 0 0 451.87584 418.54655 369.50019 272.12002 219.72405 198.83957 177.24511 194.5395 141.61249 112.28599 0 0 0 0 0 0 0
0 0 0 500.50011 393.45454 414.8035 293.29828 255.41695 204.29263 0 0 0 0 0 0 0 0 0 0 0
0 0 0 0 0 0 0 0 0 0 0 0 0 0 0 0 0 0 0 0
0 0 0 0 0 0 0 0 0 0 0 0 0 0 0 0 0 0 0 0
